language,agent,model,effort,run_id,eval,score_count,score_total,score_pct,wall_min,input_tokens,output_tokens,cost_usd,tools,files,loc,result_link,transcript_link,last_message
C++,claude-code,claude-opus-4-7,max,1,eval1,389,542,71.8,22.7,4800000.0,102000.0,21.05,54.0,6.0,3379.0,../../results/cncsim-cpp/claude-code/claude-opus-4-7_max/eval1/run1/result.json,../../results/cncsim-cpp/claude-code/claude-opus-4-7_max/eval1/run1/transcript.jsonl,Claims complete; builds and runs; end-of-session note describes a `planeIndex` forward-decl fix and a trace-step-zero infinite-loop fix in `samplesForLinear` / `samplesForArc`.
C++,claude-code,claude-opus-4-7,max,2,eval1,385,542,71.0,19.6,6500000.0,74000.0,20.51,65.0,13.0,4073.0,../../results/cncsim-cpp/claude-code/claude-opus-4-7_max/eval1/run2/result.json,../../results/cncsim-cpp/claude-code/claude-opus-4-7_max/eval1/run2/transcript.jsonl,Claims complete; 13-file C++20 tree under `output/src/` with per-module breakdown (types/state/parser/executor/trace). Asserts byte-for-byte match on spec Example 1.
C++,claude-code,claude-opus-4-7,max,3,eval1,422,542,77.9,22.5,658000.0,8000.0,19.15,34.0,6.0,3548.0,../../results/cncsim-cpp/claude-code/claude-opus-4-7_max/eval1/run3/result.json,../../results/cncsim-cpp/claude-code/claude-opus-4-7_max/eval1/run3/transcript.jsonl,Claims complete; single ~1600-line `simulator.cpp` + `CMakeLists.txt`; confirms Example 1 output structure.
C++,claude-code,claude-sonnet-4-6,high,1,eval2,375,542,69.2,65.6,10900000.0,155000.0,11.5,268.0,9.0,4392.0,../../results/cncsim-full/claude-code/claude-sonnet-4-6_high/eval2/run1/result.json,../../results/cncsim-full/claude-code/claude-sonnet-4-6_high/eval2/run1/transcript.jsonl,Claims complete; multi-file C++20 tree with `CMakeLists.txt` + simulator/parser/executor split; session-end summary of G28/G30 + nonmodal-G fixes.
C++,claude-code,claude-sonnet-4-6,high,2,eval2,191,542,35.2,39.8,6700000.0,156000.0,5.41,95.0,12.0,3665.0,../../results/cncsim-full/claude-code/claude-sonnet-4-6_high/eval2/run2/result.json,../../results/cncsim-full/claude-code/claude-sonnet-4-6_high/eval2/run2/transcript.jsonl,Claims complete; 12-file `output/` with a clean CMake build.
C++,claude-code,claude-sonnet-4-6,high,3,eval2,67,542,12.4,60.3,3200000.0,221000.0,5.27,46.0,10.0,3303.0,../../results/cncsim-full/claude-code/claude-sonnet-4-6_high/eval2/run3/result.json,../../results/cncsim-full/claude-code/claude-sonnet-4-6_high/eval2/run3/transcript.jsonl,"Builds cleanly; claims complete but fails a single spec-interpretation point that cascades. Spec requires `error` always present (null on success); agent wrote `if (!res.error.empty()) { jw.key(""error""); ... }` — so the key is absent on success and 259 of 475 failures are `KeyError: 'error'` (~55% of all fails). Same conditional-emit pattern costs another 4 failures on `error_line_number` / `error_block_segment_index`."
C++,codex-cli,gpt-5.4,xhigh,1,eval7,423,542,78.0,52.9,8700000.0,155000.0,5.39,82.0,9.0,4276.0,../../results/cncsim-full/codex-cli/gpt-5.4_xhigh/eval7/run1/result.json,../../results/cncsim-full/codex-cli/gpt-5.4_xhigh/eval7/run1/transcript.jsonl,Claims complete; multi-file C++20 project under `output/` with `CMakeLists.txt` + `simulator.cpp`.
C++,codex-cli,gpt-5.4,xhigh,2,eval7,249,542,45.9,36.1,14700000.0,97000.0,5.87,83.0,2.0,3068.0,../../results/cncsim-full/codex-cli/gpt-5.4_xhigh/eval7/run2/result.json,../../results/cncsim-full/codex-cli/gpt-5.4_xhigh/eval7/run2/transcript.jsonl,Claims complete; single-file `main.cpp` + `CMakeLists.txt`.
C++,codex-cli,gpt-5.4,xhigh,3,eval7,263,542,48.5,56.6,13600000.0,111000.0,6.2,66.0,4.0,3811.0,../../results/cncsim-full/codex-cli/gpt-5.4_xhigh/eval7/run3/result.json,../../results/cncsim-full/codex-cli/gpt-5.4_xhigh/eval7/run3/transcript.jsonl,Claims complete; `output/main.cpp` + `output/simulator.cpp` + `output/CMakeLists.txt`.
C++,codex-cli,gpt-5.4-mini,xhigh,1,eval4,205,542,37.8,80.7,26700000.0,400000.0,4.4,238.0,5.0,2734.0,../../results/cncsim-full/codex-cli/gpt-5.4-mini_xhigh/eval4/run1/result.json,../../results/cncsim-full/codex-cli/gpt-5.4-mini_xhigh/eval4/run1/transcript.jsonl,Claims complete; C++20 project built with `cmake -B build && cmake --build build`.
C++,codex-cli,gpt-5.4-mini,xhigh,2,eval4,248,542,45.8,105.3,38200000.0,690000.0,7.23,416.0,3.0,4219.0,../../results/cncsim-full/codex-cli/gpt-5.4-mini_xhigh/eval4/run2/result.json,../../results/cncsim-full/codex-cli/gpt-5.4-mini_xhigh/eval4/run2/transcript.jsonl,Claims complete; 105-min run with 38M input tokens.
C++,codex-cli,gpt-5.4-mini,xhigh,3,eval4,0,542,0.0,35.2,,,,,3.0,234.0,../../results/cncsim-full/codex-cli/gpt-5.4-mini_xhigh/eval4/run3/result.json,../../results/cncsim-full/codex-cli/gpt-5.4-mini_xhigh/eval4/run3/transcript.jsonl,"Incomplete; context-exhausted while still ""fixing the scaffold before the real implementation lands."" 3 scaffold files / 234 LOC, no working implementation."
C++,codex-cli,gpt-5.3-codex,xhigh,2,eval2,259,542,47.8,38.4,4900000.0,122000.0,2.81,54.0,3.0,4027.0,../../results/cncsim-full/codex-cli/gpt-5.3-codex_xhigh/eval2/run2/result.json,../../results/cncsim-full/codex-cli/gpt-5.3-codex_xhigh/eval2/run2/transcript.jsonl,Claims complete.
C++,codex-cli,gpt-5.3-codex,xhigh,3,eval2,265,542,48.9,36.0,8200000.0,82000.0,3.12,50.0,3.0,4088.0,../../results/cncsim-full/codex-cli/gpt-5.3-codex_xhigh/eval2/run3/result.json,../../results/cncsim-full/codex-cli/gpt-5.3-codex_xhigh/eval2/run3/transcript.jsonl,Claims complete; C++20 simulator in a three-file output tree.
C++,codex-cli,gpt-5.3-codex-spark,xhigh,1,eval1,0,542,0.0,3.6,,,,17.0,0.0,0.0,../../results/cncsim-full/codex-cli/gpt-5.3-codex-spark_xhigh/eval1/run1/result.json,../../results/cncsim-full/codex-cli/gpt-5.3-codex-spark_xhigh/eval1/run1/transcript.jsonl,"Incomplete; context-exhausted right after planning. Said ""I'm now implementing the simulator in `output/`..."" and ran `mkdir -p output`, then the next remote-compact call exceeded the model's context window. 0 files written."
C++,codex-cli,gpt-5.3-codex-spark,xhigh,2,eval1,0,542,0.0,1.6,,,,29.0,0.0,0.0,../../results/cncsim-full/codex-cli/gpt-5.3-codex-spark_xhigh/eval1/run2/result.json,../../results/cncsim-full/codex-cli/gpt-5.3-codex-spark_xhigh/eval1/run2/transcript.jsonl,"Incomplete; context-exhausted while still reading the spec (""I'll read that part next...""). Compaction call exceeded the context window. 0 files written."
C++,codex-cli,gpt-5.3-codex-spark,xhigh,3,eval1,0,542,0.0,5.2,,,,15.0,0.0,0.0,../../results/cncsim-full/codex-cli/gpt-5.3-codex-spark_xhigh/eval1/run3/result.json,../../results/cncsim-full/codex-cli/gpt-5.3-codex-spark_xhigh/eval1/run3/transcript.jsonl,"Incomplete; context-exhausted mid-research (""Next I'm reading the canonical-motion and cycle sections...""). 0 files written."
C++,codex-cli,gpt-5.2-codex,xhigh,1,eval3,266,542,49.1,130.2,22900000.0,286000.0,8.62,117.0,2.0,3255.0,../../results/cncsim-full/codex-cli/gpt-5.2-codex_xhigh/eval3/run1/result.json,../../results/cncsim-full/codex-cli/gpt-5.2-codex_xhigh/eval3/run1/transcript.jsonl,Claims complete.
C++,codex-cli,gpt-5.2-codex,xhigh,2,eval3,419,542,77.3,64.2,18900000.0,184000.0,6.56,152.0,3.0,4332.0,../../results/cncsim-full/codex-cli/gpt-5.2-codex_xhigh/eval3/run2/result.json,../../results/cncsim-full/codex-cli/gpt-5.2-codex_xhigh/eval3/run2/transcript.jsonl,"Claims complete; noted corrections to G10/G92 motion suppression, cutter-comp arc position, and trace step validation."
C++,codex-cli,gpt-5.2-codex,xhigh,3,eval3,258,542,47.6,92.5,35300000.0,226000.0,10.65,178.0,3.0,3565.0,../../results/cncsim-full/codex-cli/gpt-5.2-codex_xhigh/eval3/run3/result.json,../../results/cncsim-full/codex-cli/gpt-5.2-codex_xhigh/eval3/run3/transcript.jsonl,Claims complete.
C++,codex-cli,gpt-5.2,high,1,eval2,412,542,76.0,44.5,11800000.0,128000.0,4.07,47.0,17.0,3590.0,../../results/cncsim-full/codex-cli/gpt-5.2_high/eval2/run1/result.json,../../results/cncsim-full/codex-cli/gpt-5.2_high/eval2/run1/transcript.jsonl,Claims complete; C++20 RS274/NGC simulator with no third-party deps.
C++,codex-cli,gpt-5.2,high,2,eval2,393,542,72.5,45.5,16200000.0,130000.0,4.77,65.0,20.0,3746.0,../../results/cncsim-full/codex-cli/gpt-5.2_high/eval2/run2/result.json,../../results/cncsim-full/codex-cli/gpt-5.2_high/eval2/run2/transcript.jsonl,Claims complete; multi-file C++20 simulator with broader project structure.
C++,codex-cli,gpt-5.2,high,3,eval2,259,542,47.8,67.9,31100000.0,162000.0,8.31,178.0,18.0,3355.0,../../results/cncsim-full/codex-cli/gpt-5.2_high/eval2/run3/result.json,../../results/cncsim-full/codex-cli/gpt-5.2_high/eval2/run3/transcript.jsonl,Claims complete.
C++,codex-cli,gpt-5.1-codex-max,xhigh,1,eval2,203,542,37.5,16.1,3800000.0,56000.0,2.13,41.0,3.0,2225.0,../../results/cncsim-full/codex-cli/gpt-5.1-codex-max_xhigh/eval2/run1/result.json,../../results/cncsim-full/codex-cli/gpt-5.1-codex-max_xhigh/eval2/run1/transcript.jsonl,Claims complete.
C++,codex-cli,gpt-5.1-codex-max,xhigh,2,eval2,321,542,59.2,21.0,9300000.0,70000.0,3.23,55.0,3.0,2122.0,../../results/cncsim-full/codex-cli/gpt-5.1-codex-max_xhigh/eval2/run2/result.json,../../results/cncsim-full/codex-cli/gpt-5.1-codex-max_xhigh/eval2/run2/transcript.jsonl,Claims complete; noted simplifications in canned cycles and cutter-radius compensation.
C++,codex-cli,gpt-5.1-codex-max,xhigh,3,eval2,134,542,24.7,15.6,4300000.0,54000.0,2.02,48.0,3.0,988.0,../../results/cncsim-full/codex-cli/gpt-5.1-codex-max_xhigh/eval2/run3/result.json,../../results/cncsim-full/codex-cli/gpt-5.1-codex-max_xhigh/eval2/run3/transcript.jsonl,Claims complete.
C++,codex-cli,gpt-5.1,high,1,eval1,278,542,51.3,16.4,6600000.0,87000.0,1.94,52.0,2.0,2117.0,../../results/cncsim-full/codex-cli/gpt-5.1_high/eval1/run1/result.json,../../results/cncsim-full/codex-cli/gpt-5.1_high/eval1/run1/transcript.jsonl,"Claims complete; full CLI with modal state, expressions, motion, probing, trace stepping in single `main.cpp`."
C++,codex-cli,gpt-5.1,high,2,eval1,41,542,7.6,12.8,4600000.0,71000.0,1.41,43.0,8.0,1431.0,../../results/cncsim-full/codex-cli/gpt-5.1_high/eval1/run2/result.json,../../results/cncsim-full/codex-cli/gpt-5.1_high/eval1/run2/transcript.jsonl,"Claims complete despite low score; ""syntactically correct RS274/NGC parser"" but runtime behavior mostly broken (41/542)."
C++,codex-cli,gpt-5.1,high,3,eval1,197,542,36.3,16.9,4300000.0,92000.0,1.5,48.0,7.0,2015.0,../../results/cncsim-full/codex-cli/gpt-5.1_high/eval1/run3/result.json,../../results/cncsim-full/codex-cli/gpt-5.1_high/eval1/run3/transcript.jsonl,Claims complete; modular parser/simulator split across multiple files.
C++,codex-cli,gpt-5,high,1,eval1,1,542,0.2,12.1,3500000.0,69000.0,1.22,44.0,4.0,12.0,../../results/cncsim-full/codex-cli/gpt-5_high/eval1/run1/result.json,../../results/cncsim-full/codex-cli/gpt-5_high/eval1/run1/transcript.jsonl,"Incomplete; acknowledged — agent gave up citing ""hard technical limitation in the current execution environment: the terminal tool mangles quotes and backslashes in long multi-line file writes."" Wrote stub only (12 LOC)."
C++,codex-cli,gpt-5,high,2,eval1,197,542,36.3,8.7,3600000.0,42000.0,0.96,27.0,10.0,1282.0,../../results/cncsim-full/codex-cli/gpt-5_high/eval1/run2/result.json,../../results/cncsim-full/codex-cli/gpt-5_high/eval1/run2/transcript.jsonl,Claims complete; standalone RS274/NGC simulator in C++20.
C++,codex-cli,gpt-5,high,3,eval1,1,542,0.2,13.1,2600000.0,88000.0,1.3,30.0,3.0,9.0,../../results/cncsim-full/codex-cli/gpt-5_high/eval1/run3/result.json,../../results/cncsim-full/codex-cli/gpt-5_high/eval1/run3/transcript.jsonl,"Incomplete; acknowledged — ""stub doesn't yet execute or trace G‑code; it only compiles successfully."" Listed 8 remaining work items. Asked ""If you want, I'll proceed now."""
C++,codex-cli,gpt-5.1-codex-mini,,1,eval1,0,542,0.0,1.1,298000.0,6000.0,0.03,6.0,0.0,0.0,../../results/cncsim-full/codex-cli/gpt-5.1-codex-mini/eval1/run1/result.json,../../results/cncsim-full/codex-cli/gpt-5.1-codex-mini/eval1/run1/transcript.jsonl,"Incomplete; wrote no code. Declined the task as ""far beyond what I can deliver in a single response."" Asked user to ""break the problem into narrower slices."""
C++,codex-cli,gpt-5.1-codex-mini,,2,eval1,132,542,24.4,12.5,5600000.0,88000.0,0.41,34.0,3.0,1735.0,../../results/cncsim-full/codex-cli/gpt-5.1-codex-mini/eval1/run2/result.json,../../results/cncsim-full/codex-cli/gpt-5.1-codex-mini/eval1/run2/transcript.jsonl,Claims complete.
C++,codex-cli,gpt-5.1-codex-mini,,3,eval1,0,542,0.0,6.2,2100000.0,40000.0,0.19,35.0,2.0,428.0,../../results/cncsim-full/codex-cli/gpt-5.1-codex-mini/eval1/run3/result.json,../../results/cncsim-full/codex-cli/gpt-5.1-codex-mini/eval1/run3/transcript.jsonl,"Incomplete; build failed. Acknowledged incomplete — listed 3 ""Remaining work"" items and noted ""build and runtime logic are still pending."" Spent 69% of tool calls reading the spec; only wrote an expression parser (no main, no simulation)."
C++,gemini-cli,gemini-3-flash-preview,,1,eval2,196,542,36.2,4.8,2300000.0,37000.0,0.45,33.0,10.0,2483.0,../../results/cncsim-full/gemini-cli/gemini-3-flash-preview/eval2/run1/result.json,../../results/cncsim-full/gemini-cli/gemini-3-flash-preview/eval2/run1/transcript.jsonl,Claims complete.
C++,gemini-cli,gemini-3-flash-preview,,2,eval2,182,542,33.6,7.4,4900000.0,50000.0,0.67,47.0,10.0,916.0,../../results/cncsim-full/gemini-cli/gemini-3-flash-preview/eval2/run2/result.json,../../results/cncsim-full/gemini-cli/gemini-3-flash-preview/eval2/run2/transcript.jsonl,Claims complete.
C++,gemini-cli,gemini-3-flash-preview,,3,eval2,238,542,43.9,13.3,10900000.0,81000.0,1.25,83.0,14.0,1043.0,../../results/cncsim-full/gemini-cli/gemini-3-flash-preview/eval2/run3/result.json,../../results/cncsim-full/gemini-cli/gemini-3-flash-preview/eval2/run3/transcript.jsonl,Claims complete.
C++,gemini-cli,gemini-2.5-flash,,1,eval2,0,542,0.0,14.6,5600000.0,86000.0,0.92,54.0,2.0,509.0,../../results/cncsim-full/gemini-cli/gemini-2.5-flash/eval2/run1/result.json,../../results/cncsim-full/gemini-cli/gemini-2.5-flash/eval2/run1/transcript.jsonl,Incomplete; build failed. Acknowledged limitations and stopped.
C++,gemini-cli,gemini-2.5-flash,,2,eval2,0,542,0.0,33.2,17600000.0,68000.0,2.71,116.0,9.0,1762.0,../../results/cncsim-full/gemini-cli/gemini-2.5-flash/eval2/run2/result.json,../../results/cncsim-full/gemini-cli/gemini-2.5-flash/eval2/run2/transcript.jsonl,Incomplete; build failed. Claimed blocked by persistent string literal compilation errors.
C++,gemini-cli,gemini-2.5-flash,,3,eval2,18,542,3.3,10.0,8600000.0,35000.0,0.44,89.0,3.0,1168.0,../../results/cncsim-full/gemini-cli/gemini-2.5-flash/eval2/run3/result.json,../../results/cncsim-full/gemini-cli/gemini-2.5-flash/eval2/run3/transcript.jsonl,Incomplete; was still iterating when session ended. Built successfully.
C++,gemini-cli,gemini-2.5-flash-lite,,1,eval2,0,542,0.0,1.3,258000.0,17000.0,0.02,2.0,0.0,0.0,../../results/cncsim-full/gemini-cli/gemini-2.5-flash-lite/eval2/run1/result.json,../../results/cncsim-full/gemini-cli/gemini-2.5-flash-lite/eval2/run1/transcript.jsonl,Incomplete; wrote no code. Laid out a plan but stopped after reading the spec.
C++,gemini-cli,gemini-2.5-flash-lite,,2,eval2,0,542,0.0,11.1,6400000.0,110000.0,0.27,48.0,16.0,2121.0,../../results/cncsim-full/gemini-cli/gemini-2.5-flash-lite/eval2/run2/result.json,../../results/cncsim-full/gemini-cli/gemini-2.5-flash-lite/eval2/run2/transcript.jsonl,Incomplete; build failed. Encountered repeated `write_file` tool errors (missing `file_path` parameter).
C++,gemini-cli,gemini-2.5-flash-lite,,3,eval2,0,542,0.0,1.9,888000.0,12000.0,0.02,10.0,2.0,399.0,../../results/cncsim-full/gemini-cli/gemini-2.5-flash-lite/eval2/run3/result.json,../../results/cncsim-full/gemini-cli/gemini-2.5-flash-lite/eval2/run3/transcript.jsonl,Incomplete; scaffolded only. Set up project structure but wrote no implementation logic.
C++,copilot-cli,claude-haiku-4.5,,eval1/1,eval1,90,542,16.6,7.8,0.0,49000.0,,0.0,3.0,1276.0,../../results/cncsim-full/copilot-cli/claude-haiku-4.5/eval1/run1/result.json,../../results/cncsim-full/copilot-cli/claude-haiku-4.5/eval1/run1/transcript.jsonl,Claims complete.
C++,copilot-cli,claude-haiku-4.5,,eval2/1,eval2,55,542,10.1,8.8,0.0,41000.0,,0.0,3.0,1328.0,../../results/cncsim-full/copilot-cli/claude-haiku-4.5/eval2/run1/result.json,../../results/cncsim-full/copilot-cli/claude-haiku-4.5/eval2/run1/transcript.jsonl,Claims complete.
C++,copilot-cli,claude-haiku-4.5,,eval2/2,eval2,86,542,15.9,13.1,0.0,58000.0,,0.0,10.0,1996.0,../../results/cncsim-full/copilot-cli/claude-haiku-4.5/eval2/run2/result.json,../../results/cncsim-full/copilot-cli/claude-haiku-4.5/eval2/run2/transcript.jsonl,Claims complete.
C++,copilot-cli,gpt-4.1,,1,eval1,1,542,0.2,3.3,0.0,9000.0,,0.0,18.0,350.0,../../results/cncsim-full/copilot-cli/gpt-4.1/eval1/run1/result.json,../../results/cncsim-full/copilot-cli/gpt-4.1/eval1/run1/transcript.jsonl,"Incomplete; scaffolded only. Acknowledged ""core logic... will be implemented"" next."
C++,copilot-cli,gpt-4.1,,2,eval1,20,542,3.7,3.9,0.0,10000.0,,0.0,18.0,506.0,../../results/cncsim-full/copilot-cli/gpt-4.1/eval1/run2/result.json,../../results/cncsim-full/copilot-cli/gpt-4.1/eval1/run2/transcript.jsonl,"Incomplete; scaffolded only. Asked ""Let me know if you want to proceed with the execution engine."""
C++,copilot-cli,gpt-4.1,,3,eval1,1,542,0.2,5.2,0.0,14000.0,,0.0,2.0,207.0,../../results/cncsim-full/copilot-cli/gpt-4.1/eval1/run3/result.json,../../results/cncsim-full/copilot-cli/gpt-4.1/eval1/run3/transcript.jsonl,"Incomplete; scaffolded only. Asked ""Let me know if you want to proceed with a specific part."""
C++,copilot-cli,gpt-5-mini,high,1,eval3,145,542,26.8,11.7,0.0,43000.0,,0.0,2.0,709.0,../../results/cncsim-full/copilot-cli/gpt-5-mini_high/eval3/run1/result.json,../../results/cncsim-full/copilot-cli/gpt-5-mini_high/eval3/run1/transcript.jsonl,Claims complete.
C++,copilot-cli,gpt-5-mini,high,2,eval3,113,542,20.8,8.7,0.0,36000.0,,0.0,3.0,1527.0,../../results/cncsim-full/copilot-cli/gpt-5-mini_high/eval3/run2/result.json,../../results/cncsim-full/copilot-cli/gpt-5-mini_high/eval3/run2/transcript.jsonl,Claims complete.
C++,copilot-cli,gpt-5-mini,high,3,eval3,134,542,24.7,8.3,0.0,31000.0,,0.0,4.0,2335.0,../../results/cncsim-full/copilot-cli/gpt-5-mini_high/eval3/run3/result.json,../../results/cncsim-full/copilot-cli/gpt-5-mini_high/eval3/run3/transcript.jsonl,Claims complete.
js,claude-code,claude-opus-4-7,max,1,eval1,411,542,75.8,14.1,707000.0,10000.0,16.91,62.0,8.0,2376.0,../../results/cncsim-js/claude-code/claude-opus-4-7_max/eval1/run1/result.json,../../results/cncsim-js/claude-code/claude-opus-4-7_max/eval1/run1/transcript.jsonl,Claims complete; 8-file `output/` (main / args / parser / groups / state / files / interpreter / trace).
js,claude-code,claude-opus-4-7,max,2,eval1,348,542,64.2,30.1,7100000.0,144000.0,25.47,83.0,1.0,2100.0,../../results/cncsim-js/claude-code/claude-opus-4-7_max/eval1/run2/result.json,../../results/cncsim-js/claude-code/claude-opus-4-7_max/eval1/run2/transcript.jsonl,Claims complete; single-file ~2100-line implementation; session summary covers motion / arcs / canned cycles / trace stepping.
js,claude-code,claude-opus-4-7,max,3,eval1,338,542,62.4,13.3,1400000.0,11000.0,15.31,46.0,5.0,2001.0,../../results/cncsim-js/claude-code/claude-opus-4-7_max/eval1/run3/result.json,../../results/cncsim-js/claude-code/claude-opus-4-7_max/eval1/run3/transcript.jsonl,"Claims complete; 5 files / 2001 LOC, submission builds. Final message opens with a pre-emptive ""this is not malware"" defense of `interpreter.js` rather than a completion summary — see [CLI malware-reminder commentary](commentary/cncsim-claude-opus-4-7-cli-malware-reminder.md)."
js,claude-code,claude-sonnet-4-6,high,1,eval1,430,542,79.3,38.6,5300000.0,144000.0,5.02,94.0,6.0,3427.0,../../results/cncsim-js/claude-code/claude-sonnet-4-6_high/eval1/run1/result.json,../../results/cncsim-js/claude-code/claude-sonnet-4-6_high/eval1/run1/transcript.jsonl,Claims complete; Node.js simulator split across 6 files; end-of-session bug-fix note (`hasG80` variable).
js,claude-code,claude-sonnet-4-6,high,2,eval1,406,542,74.9,53.0,5900000.0,212000.0,6.34,73.0,6.0,2050.0,../../results/cncsim-js/claude-code/claude-sonnet-4-6_high/eval1/run2/result.json,../../results/cncsim-js/claude-code/claude-sonnet-4-6_high/eval1/run2/transcript.jsonl,"Claims complete; 6-file output tree with block parser, tool/param file handling."
js,claude-code,claude-sonnet-4-6,high,3,eval1,226,542,41.7,65.2,7400000.0,203000.0,8.47,115.0,6.0,3770.0,../../results/cncsim-js/claude-code/claude-sonnet-4-6_high/eval1/run3/result.json,../../results/cncsim-js/claude-code/claude-sonnet-4-6_high/eval1/run3/transcript.jsonl,Claims complete; 6-file CLI simulator with full file table in the final report.
js,codex-cli,gpt-5.4,xhigh,1,eval1,255,542,47.0,63.8,9300000.0,92000.0,4.41,83.0,5.0,3107.0,../../results/cncsim-full-js/codex-cli/gpt-5.4_xhigh/eval1/run1/result.json,../../results/cncsim-full-js/codex-cli/gpt-5.4_xhigh/eval1/run1/transcript.jsonl,Claims complete; multi-module CLI with parser/execution/trace in `output/interpreter.js`.
js,codex-cli,gpt-5.4,xhigh,2,eval1,424,542,78.2,33.5,9900000.0,90000.0,4.83,61.0,10.0,2881.0,../../results/cncsim-full-js/codex-cli/gpt-5.4_xhigh/eval1/run2/result.json,../../results/cncsim-full-js/codex-cli/gpt-5.4_xhigh/eval1/run2/transcript.jsonl,Claims complete; 10-file module tree under `output/`.
js,codex-cli,gpt-5.4,xhigh,3,eval1,445,542,82.1,49.5,6300000.0,95000.0,3.74,74.0,7.0,3411.0,../../results/cncsim-full-js/codex-cli/gpt-5.4_xhigh/eval1/run3/result.json,../../results/cncsim-full-js/codex-cli/gpt-5.4_xhigh/eval1/run3/transcript.jsonl,Claims complete; simulator + parser + runtime split across `main.js` / `simulator.js` / `parser.js`.
js,codex-cli,gpt-5.3-codex,xhigh,1,eval1,442,542,81.5,30.0,19500000.0,85000.0,4.85,88.0,5.0,2614.0,../../results/cncsim-full-js/codex-cli/gpt-5.3-codex_xhigh/eval1/run1/result.json,../../results/cncsim-full-js/codex-cli/gpt-5.3-codex_xhigh/eval1/run1/transcript.jsonl,"Claims complete; full CLI scaffold with RS274 parsing, state execution, and trace generation."
js,codex-cli,gpt-5.3-codex,xhigh,2,eval1,433,542,79.9,29.3,8500000.0,71000.0,2.7,73.0,7.0,2651.0,../../results/cncsim-full-js/codex-cli/gpt-5.3-codex_xhigh/eval1/run2/result.json,../../results/cncsim-full-js/codex-cli/gpt-5.3-codex_xhigh/eval1/run2/transcript.jsonl,Claims complete; Node.js 22+ simulator with a multi-file output tree.
js,codex-cli,gpt-5.3-codex,xhigh,3,eval1,431,542,79.5,33.5,11300000.0,86000.0,3.42,71.0,1.0,2637.0,../../results/cncsim-full-js/codex-cli/gpt-5.3-codex_xhigh/eval1/run3/result.json,../../results/cncsim-full-js/codex-cli/gpt-5.3-codex_xhigh/eval1/run3/transcript.jsonl,Claims complete; single-file Node.js CLI simulator.
js,codex-cli,gpt-5.3-codex-spark,xhigh,1,eval1,0,542,0.0,1.3,,,,19.0,0.0,0.0,../../results/cncsim-full-js/codex-cli/gpt-5.3-codex-spark_xhigh/eval1/run1/result.json,../../results/cncsim-full-js/codex-cli/gpt-5.3-codex-spark_xhigh/eval1/run1/transcript.jsonl,"Incomplete; context-exhausted while still mapping the spec (""I'm grabbing the error-condition section next...""). 0 files written."
js,codex-cli,gpt-5.3-codex-spark,xhigh,2,eval1,0,542,0.0,2.6,,,,26.0,0.0,0.0,../../results/cncsim-full-js/codex-cli/gpt-5.3-codex-spark_xhigh/eval1/run2/result.json,../../results/cncsim-full-js/codex-cli/gpt-5.3-codex-spark_xhigh/eval1/run2/transcript.jsonl,Incomplete; context-exhausted while still validating spec edge cases. 0 files written.
js,codex-cli,gpt-5.3-codex-spark,xhigh,3,eval1,0,542,0.0,8.2,,,,31.0,0.0,0.0,../../results/cncsim-full-js/codex-cli/gpt-5.3-codex-spark_xhigh/eval1/run3/result.json,../../results/cncsim-full-js/codex-cli/gpt-5.3-codex-spark_xhigh/eval1/run3/transcript.jsonl,"Incomplete; context-exhausted via `max_output_tokens` mid-implementation. Said ""I'm implementing the full CLI simulator now in `output/main.js`..."" but never wrote the file. 0 files."
js,codex-cli,gpt-5.4-mini,xhigh,1,eval1,346,542,63.8,92.2,29800000.0,562000.0,6.11,345.0,2.0,4230.0,../../results/cncsim-full-js/codex-cli/gpt-5.4-mini_xhigh/eval1/run1/result.json,../../results/cncsim-full-js/codex-cli/gpt-5.4-mini_xhigh/eval1/run1/transcript.jsonl,Claims complete; simulator engine split across `output/main.js` and `output/simulator.js`.
js,codex-cli,gpt-5.4-mini,xhigh,2,eval1,242,542,44.6,130.2,33600000.0,764000.0,6.62,381.0,4.0,3283.0,../../results/cncsim-full-js/codex-cli/gpt-5.4-mini_xhigh/eval1/run2/result.json,../../results/cncsim-full-js/codex-cli/gpt-5.4-mini_xhigh/eval1/run2/transcript.jsonl,Claims complete; 130-min run with simulator core in `output/interpreter.js`.
js,codex-cli,gpt-5.4-mini,xhigh,3,eval1,0,542,0.0,22.5,,,,,3.0,824.0,../../results/cncsim-full-js/codex-cli/gpt-5.4-mini_xhigh/eval1/run3/result.json,../../results/cncsim-full-js/codex-cli/gpt-5.4-mini_xhigh/eval1/run3/transcript.jsonl,"Incomplete; context-exhausted while still describing what it was about to write (""starting with the shared primitives first""). 3 scaffolding files / 824 LOC but no working implementation."
js,codex-cli,gpt-5.2-codex,xhigh,1,eval1,268,542,49.4,91.1,28900000.0,261000.0,9.2,204.0,1.0,2132.0,../../results/cncsim-full-js/codex-cli/gpt-5.2-codex_xhigh/eval1/run1/result.json,../../results/cncsim-full-js/codex-cli/gpt-5.2-codex_xhigh/eval1/run1/transcript.jsonl,"Claims complete; full RS274/NGC interpreter with motion, trace, parameter/tool I/O; noted parse/exec edge-case hardening (line numbers, M-code limit, G53 rules, arc R unit conversion)."
js,codex-cli,gpt-5.2-codex,xhigh,2,eval1,264,542,48.7,85.1,28000000.0,247000.0,8.74,194.0,1.0,2566.0,../../results/cncsim-full-js/codex-cli/gpt-5.2-codex_xhigh/eval1/run2/result.json,../../results/cncsim-full-js/codex-cli/gpt-5.2-codex_xhigh/eval1/run2/transcript.jsonl,Claims complete; reworked modal motion + post-motion spindle for canned cycles (G84/G86/G87/G88); G38.2 feed validation; cutter-comp radius unit scaling.
js,codex-cli,gpt-5.2-codex,xhigh,3,eval1,258,542,47.6,72.0,18400000.0,198000.0,6.74,111.0,9.0,2211.0,../../results/cncsim-full-js/codex-cli/gpt-5.2-codex_xhigh/eval1/run3/result.json,../../results/cncsim-full-js/codex-cli/gpt-5.2-codex_xhigh/eval1/run3/transcript.jsonl,"Claims complete; multi-file RS274/NGC parser/executor with runtime expression eval, motion (G0/G1/G2/G3/G38.2, canned cycles), tool/parameter I/O."
js,codex-cli,gpt-5.2,high,1,eval1,254,542,46.9,44.2,10200000.0,133000.0,3.98,52.0,9.0,2772.0,../../results/cncsim-full-js/codex-cli/gpt-5.2_high/eval1/run1/result.json,../../results/cncsim-full-js/codex-cli/gpt-5.2_high/eval1/run1/transcript.jsonl,Claims complete; Node.js 22+ simulator driven by the RS274 docs.
js,codex-cli,gpt-5.2,high,2,eval1,0,542,0.0,69.0,,,,,11.0,2530.0,../../results/cncsim-full-js/codex-cli/gpt-5.2_high/eval1/run2/result.json,../../results/cncsim-full-js/codex-cli/gpt-5.2_high/eval1/run2/transcript.jsonl,Incomplete; context window exhausted after partial implementation work.
js,codex-cli,gpt-5.2,high,3,eval1,257,542,47.4,39.2,12600000.0,112000.0,4.18,64.0,10.0,2300.0,../../results/cncsim-full-js/codex-cli/gpt-5.2_high/eval1/run3/result.json,../../results/cncsim-full-js/codex-cli/gpt-5.2_high/eval1/run3/transcript.jsonl,Claims complete; dependency-free Node.js CLI with optional motion trace sampling.
js,codex-cli,gpt-5.1-codex-max,xhigh,1,eval1,263,542,48.5,17.2,5200000.0,60000.0,1.98,43.0,1.0,1437.0,../../results/cncsim-full-js/codex-cli/gpt-5.1-codex-max_xhigh/eval1/run1/result.json,../../results/cncsim-full-js/codex-cli/gpt-5.1-codex-max_xhigh/eval1/run1/transcript.jsonl,"Claims complete; covers G0-G3, G38.2 probing, G10, G28/G30, G92, basic canned cycles G81/G82, trace stepping."
js,codex-cli,gpt-5.1-codex-max,xhigh,2,eval1,253,542,46.7,17.1,5000000.0,60000.0,1.81,53.0,1.0,1525.0,../../results/cncsim-full-js/codex-cli/gpt-5.1-codex-max_xhigh/eval1/run2/result.json,../../results/cncsim-full-js/codex-cli/gpt-5.1-codex-max_xhigh/eval1/run2/transcript.jsonl,"Claims complete; full RS274/NGC simulator including cycles, arcs, probing, G92, G10, G28/30, trace stepping modes."
js,codex-cli,gpt-5.1-codex-max,xhigh,3,eval1,193,542,35.6,12.9,3300000.0,44000.0,1.69,50.0,1.0,1566.0,../../results/cncsim-full-js/codex-cli/gpt-5.1-codex-max_xhigh/eval1/run3/result.json,../../results/cncsim-full-js/codex-cli/gpt-5.1-codex-max_xhigh/eval1/run3/transcript.jsonl,Claims complete; noted simplifications — cutter radius comp path geometry not implemented; rotary motion in arcs not modeled.
js,codex-cli,gpt-5.1,high,1,eval1,203,542,37.5,16.5,5800000.0,97000.0,1.81,52.0,7.0,1658.0,../../results/cncsim-full-js/codex-cli/gpt-5.1_high/eval1/run1/result.json,../../results/cncsim-full-js/codex-cli/gpt-5.1_high/eval1/run1/transcript.jsonl,"Claims complete; modular multi-file Node.js implementation; acknowledged ""important limitations"" inline."
js,codex-cli,gpt-5.1,high,2,eval1,218,542,40.2,15.5,8200000.0,91000.0,2.07,53.0,7.0,2701.0,../../results/cncsim-full-js/codex-cli/gpt-5.1_high/eval1/run2/result.json,../../results/cncsim-full-js/codex-cli/gpt-5.1_high/eval1/run2/transcript.jsonl,Claims complete; modular simulator with convenience `main.js` wrapper.
js,codex-cli,gpt-5.1,high,3,eval1,201,542,37.1,16.5,7900000.0,78000.0,1.93,70.0,7.0,2817.0,../../results/cncsim-full-js/codex-cli/gpt-5.1_high/eval1/run3/result.json,../../results/cncsim-full-js/codex-cli/gpt-5.1_high/eval1/run3/transcript.jsonl,Claims complete; seven-file modular Node.js simulator.
js,codex-cli,gpt-5,high,1,eval1,249,542,45.9,9.2,4700000.0,48000.0,1.17,48.0,1.0,1495.0,../../results/cncsim-full-js/codex-cli/gpt-5_high/eval1/run1/result.json,../../results/cncsim-full-js/codex-cli/gpt-5_high/eval1/run1/transcript.jsonl,Claims complete; self-contained Node.js 22+ simulator with no dependencies.
js,codex-cli,gpt-5,high,2,eval1,0,542,0.0,5.8,2700000.0,29000.0,0.71,43.0,0.0,0.0,../../results/cncsim-full-js/codex-cli/gpt-5_high/eval1/run2/result.json,../../results/cncsim-full-js/codex-cli/gpt-5_high/eval1/run2/transcript.jsonl,"Incomplete; wrote no code. Blamed ""command-quoting issue while writing multi-line JS files via the terminal tool."" Offered to retry with ""base64 → decode"" pipeline."
js,codex-cli,gpt-5,high,3,eval1,0,542,0.0,10.4,2200000.0,66000.0,1.08,31.0,0.0,0.0,../../results/cncsim-full-js/codex-cli/gpt-5_high/eval1/run3/result.json,../../results/cncsim-full-js/codex-cli/gpt-5_high/eval1/run3/transcript.jsonl,"Incomplete; wrote no code. Acknowledged ""writing the Node.js source file(s) into output/ from this environment failed repeatedly due to quoting/truncation issues."""
js,codex-cli,gpt-5.1-codex-mini,,1,eval1,18,542,3.3,5.3,1500000.0,33000.0,0.15,26.0,1.0,532.0,../../results/cncsim-full-js/codex-cli/gpt-5.1-codex-mini/eval1/run1/result.json,../../results/cncsim-full-js/codex-cli/gpt-5.1-codex-mini/eval1/run1/transcript.jsonl,"Incomplete; acknowledged ""interpreter and trace generation are still missing"" and listed outstanding work."
js,codex-cli,gpt-5.1-codex-mini,,2,eval1,1,542,0.2,8.4,1800000.0,55000.0,0.17,29.0,1.0,253.0,../../results/cncsim-full-js/codex-cli/gpt-5.1-codex-mini/eval1/run2/result.json,../../results/cncsim-full-js/codex-cli/gpt-5.1-codex-mini/eval1/run2/transcript.jsonl,"Incomplete; only CLI/state scaffolded. Wrote ""so the simulator can later execute G-code blocks"" — execution never implemented."
js,codex-cli,gpt-5.1-codex-mini,,3,eval1,166,542,30.6,13.0,4700000.0,89000.0,0.36,38.0,1.0,1089.0,../../results/cncsim-full-js/codex-cli/gpt-5.1-codex-mini/eval1/run3/result.json,../../results/cncsim-full-js/codex-cli/gpt-5.1-codex-mini/eval1/run3/transcript.jsonl,"Claims complete; implemented full CLI, expression evaluator, tokenizer, and trace recorder."
py,claude-code,claude-opus-4-7,max,1*,eval1,354,542,65.3,14.1,2700000.0,58000.0,14.39,39.0,7.0,2660.0,../../results/cncsim-py/claude-code/claude-opus-4-7_max/eval1/run1/result.json,../../results/cncsim-py/claude-code/claude-opus-4-7_max/eval1/run1/transcript.jsonl,"Claims complete. As-submitted the code scored 4/542: every harness invocation died at startup with `ModuleNotFoundError: No module named 'output'`. **Score reported here (354/542) is the counterfactual** after applying a 9-line off-harness fix to the saved `source/` (6 relative imports `from .X` → `from X`, 3 `from output.xxx` → bare, and deleting an empty `__init__.py`); the modified source was scored with the same pytest suite the harness runs. See Run 1 note below for why the original failure is being treated as an ambiguous-prompt outcome rather than an agent capability signal."
py,claude-code,claude-opus-4-7,max,2,eval1,437,542,80.6,14.1,1100000.0,9000.0,17.44,65.0,7.0,2721.0,../../results/cncsim-py/claude-code/claude-opus-4-7_max/eval1/run2/result.json,../../results/cncsim-py/claude-code/claude-opus-4-7_max/eval1/run2/transcript.jsonl,"Claims complete; 7-module `output/` (main / lexer / state / io_files / motion / interpreter / trace). Uses `sys.path.insert(0, os.path.dirname(__file__))` with sibling imports — robust to the `output/` flattening."
py,claude-code,claude-opus-4-7,max,3,eval1,405,542,74.7,13.3,2200000.0,56000.0,13.35,26.0,4.0,2593.0,../../results/cncsim-py/claude-code/claude-opus-4-7_max/eval1/run3/result.json,../../results/cncsim-py/claude-code/claude-opus-4-7_max/eval1/run3/transcript.jsonl,Claims complete; parser / state / executor split with plain sibling imports (no `output.` prefix).
py,claude-code,claude-sonnet-4-6,high,1,eval1,346,542,63.8,56.5,6700000.0,200000.0,6.43,88.0,5.0,2998.0,../../results/cncsim-full-py/claude-code/claude-sonnet-4-6_high/eval1/run1/result.json,../../results/cncsim-full-py/claude-code/claude-sonnet-4-6_high/eval1/run1/transcript.jsonl,"Claims complete; ""simulator is complete and working,"" summary of file-level breakdown."
py,claude-code,claude-sonnet-4-6,high,2,eval1,226,542,41.7,37.6,7100000.0,145000.0,5.67,83.0,7.0,3050.0,../../results/cncsim-full-py/claude-code/claude-sonnet-4-6_high/eval1/run2/result.json,../../results/cncsim-full-py/claude-code/claude-sonnet-4-6_high/eval1/run2/transcript.jsonl,Claims complete; 7-file output with per-file size/purpose table. Originally scored `0/0` — see note below.
py,claude-code,claude-sonnet-4-6,high,3,eval1,388,542,71.6,48.4,12300000.0,98000.0,12.51,277.0,5.0,3228.0,../../results/cncsim-full-py/claude-code/claude-sonnet-4-6_high/eval1/run3/result.json,../../results/cncsim-full-py/claude-code/claude-sonnet-4-6_high/eval1/run3/transcript.jsonl,Claims complete; session-end summary describes `motion_kind` plumbing and final-state reporting.
py,codex-cli,gpt-5.4,xhigh,1,eval1,253,542,46.7,28.6,8400000.0,83000.0,4.09,55.0,2.0,2758.0,../../results/cncsim-full-py/codex-cli/gpt-5.4_xhigh/eval1/run1/result.json,../../results/cncsim-full-py/codex-cli/gpt-5.4_xhigh/eval1/run1/transcript.jsonl,"Claims complete; `main.py` + `simulator.py`; flagged cutter-radius compensation and a few rare behaviors as ""pragmatically"" implemented."
py,codex-cli,gpt-5.4,xhigh,2,eval1,258,542,47.6,40.2,11300000.0,115000.0,5.72,107.0,1.0,2289.0,../../results/cncsim-full-py/codex-cli/gpt-5.4_xhigh/eval1/run2/result.json,../../results/cncsim-full-py/codex-cli/gpt-5.4_xhigh/eval1/run2/transcript.jsonl,Claims complete; single-file `output/main.py`.
py,codex-cli,gpt-5.4,xhigh,3,eval1,449,542,82.8,31.4,4600000.0,97000.0,2.9,59.0,2.0,2588.0,../../results/cncsim-full-py/codex-cli/gpt-5.4_xhigh/eval1/run3/result.json,../../results/cncsim-full-py/codex-cli/gpt-5.4_xhigh/eval1/run3/transcript.jsonl,Claims complete; thin `main.py` wrapper + core in `rs274_sim.py`.
py,codex-cli,gpt-5.3-codex,xhigh,1,eval1,409,542,75.5,52.8,9600000.0,67000.0,3.53,57.0,2.0,2519.0,../../results/cncsim-full-py/codex-cli/gpt-5.3-codex_xhigh/eval1/run1/result.json,../../results/cncsim-full-py/codex-cli/gpt-5.3-codex_xhigh/eval1/run1/transcript.jsonl,"Claims complete (""Implemented."")."
py,codex-cli,gpt-5.3-codex,xhigh,2,eval1,262,542,48.3,40.6,12700000.0,89000.0,3.73,82.0,1.0,2540.0,../../results/cncsim-full-py/codex-cli/gpt-5.3-codex_xhigh/eval1/run2/result.json,../../results/cncsim-full-py/codex-cli/gpt-5.3-codex_xhigh/eval1/run2/transcript.jsonl,Claims complete; full CLI simulator in `output/main.py`.
py,codex-cli,gpt-5.3-codex,xhigh,3,eval1,460,542,84.9,23.7,6700000.0,45000.0,2.28,49.0,1.0,2231.0,../../results/cncsim-full-py/codex-cli/gpt-5.3-codex_xhigh/eval1/run3/result.json,../../results/cncsim-full-py/codex-cli/gpt-5.3-codex_xhigh/eval1/run3/transcript.jsonl,Claims complete; single-file `main.py`.
py,codex-cli,gpt-5.3-codex-spark,xhigh,1,eval1,0,542,0.0,3.9,,,,49.0,0.0,0.0,../../results/cncsim-full-py/codex-cli/gpt-5.3-codex-spark_xhigh/eval1/run1/result.json,../../results/cncsim-full-py/codex-cli/gpt-5.3-codex-spark_xhigh/eval1/run1/transcript.jsonl,"Incomplete; context-exhausted before producing any meaningful agent message (last message truncated to ""I'm""). 0 files written."
py,codex-cli,gpt-5.3-codex-spark,xhigh,2,eval1,0,542,0.0,1.5,,,,22.0,0.0,0.0,../../results/cncsim-full-py/codex-cli/gpt-5.3-codex-spark_xhigh/eval1/run2/result.json,../../results/cncsim-full-py/codex-cli/gpt-5.3-codex-spark_xhigh/eval1/run2/transcript.jsonl,"Incomplete; context-exhausted just as it announced the implementation phase (""I've mapped the RS274 semantics and will now implement a""). 0 files written."
py,codex-cli,gpt-5.3-codex-spark,xhigh,3,eval1,0,542,0.0,2.7,,,,20.0,0.0,0.0,../../results/cncsim-full-py/codex-cli/gpt-5.3-codex-spark_xhigh/eval1/run3/result.json,../../results/cncsim-full-py/codex-cli/gpt-5.3-codex-spark_xhigh/eval1/run3/transcript.jsonl,"Incomplete; context-exhausted while still tightening defaults/diagnostics (""doing one more pass for default machine-mode values...""). 0 files written."
py,codex-cli,gpt-5.4-mini,xhigh,1,eval1,0,542,0.0,32.9,,,,,0.0,0.0,../../results/cncsim-full-py/codex-cli/gpt-5.4-mini_xhigh/eval1/run1/result.json,../../results/cncsim-full-py/codex-cli/gpt-5.4-mini_xhigh/eval1/run1/transcript.jsonl,"Incomplete; context-exhausted mid-spec-review (""a few cycle details are underspecified...""); wrote no code."
py,codex-cli,gpt-5.4-mini,xhigh,2,eval1,0,542,0.0,24.1,,,,,0.0,0.0,../../results/cncsim-full-py/codex-cli/gpt-5.4-mini_xhigh/eval1/run2/result.json,../../results/cncsim-full-py/codex-cli/gpt-5.4-mini_xhigh/eval1/run2/transcript.jsonl,"Incomplete; context-exhausted mid-implementation (""I'm implementing the interpreter now: parser, modal state machine, motion/cycle expansion...""); wrote no code."
py,codex-cli,gpt-5.4-mini,xhigh,3,eval1,402,542,74.2,62.5,29100000.0,436000.0,5.05,290.0,1.0,2946.0,../../results/cncsim-full-py/codex-cli/gpt-5.4-mini_xhigh/eval1/run3/result.json,../../results/cncsim-full-py/codex-cli/gpt-5.4-mini_xhigh/eval1/run3/transcript.jsonl,Claims complete; `output/main.py` plus thin wrapper at `main.py`.
py,codex-cli,gpt-5.2-codex,xhigh,1,eval1,450,542,83.0,84.5,23700000.0,228000.0,8.43,153.0,1.0,2610.0,../../results/cncsim-full-py/codex-cli/gpt-5.2-codex_xhigh/eval1/run1/result.json,../../results/cncsim-full-py/codex-cli/gpt-5.2-codex_xhigh/eval1/run1/transcript.jsonl,"Claims complete; full RS274/NGC simulator in single `main.py` with parsing, modal state, motion, canned cycles, probing, tool/param I/O, and trace stepping."
py,codex-cli,gpt-5.2-codex,xhigh,2,eval1,461,542,85.1,91.1,29200000.0,229000.0,8.97,184.0,1.0,2388.0,../../results/cncsim-full-py/codex-cli/gpt-5.2-codex_xhigh/eval1/run2/result.json,../../results/cncsim-full-py/codex-cli/gpt-5.2-codex_xhigh/eval1/run2/transcript.jsonl,"Claims complete; noted percent-delimited files, optional carousel slots, G93 inverse-time feed, probe box/tool rules, unit scaling for length state, per-submotion error indices, spindle state transitions in canned cycles."
py,codex-cli,gpt-5.2-codex,xhigh,3,eval1,436,542,80.4,81.6,16200000.0,244000.0,6.99,103.0,8.0,2250.0,../../results/cncsim-full-py/codex-cli/gpt-5.2-codex_xhigh/eval1/run3/result.json,../../results/cncsim-full-py/codex-cli/gpt-5.2-codex_xhigh/eval1/run3/transcript.jsonl,"Claims complete; multi-file Python implementation with state model, trace engine, tool/parameter file handling, canned cycles."
py,codex-cli,gpt-5.2,high,1,eval1,244,542,45.0,35.7,11200000.0,102000.0,3.49,63.0,11.0,2661.0,../../results/cncsim-full-py/codex-cli/gpt-5.2_high/eval1/run1/result.json,../../results/cncsim-full-py/codex-cli/gpt-5.2_high/eval1/run1/transcript.jsonl,Claims complete; stdlib-only Python 3.11+ simulator.
py,codex-cli,gpt-5.2,high,2,eval1,432,542,79.7,46.8,12900000.0,133000.0,4.48,63.0,13.0,2889.0,../../results/cncsim-full-py/codex-cli/gpt-5.2_high/eval1/run2/result.json,../../results/cncsim-full-py/codex-cli/gpt-5.2_high/eval1/run2/transcript.jsonl,Claims complete; stdlib-only Python simulator with `output/main.py` entrypoint.
py,codex-cli,gpt-5.2,high,3,eval1,448,542,82.7,58.4,17600000.0,157000.0,5.67,74.0,11.0,2822.0,../../results/cncsim-full-py/codex-cli/gpt-5.2_high/eval1/run3/result.json,../../results/cncsim-full-py/codex-cli/gpt-5.2_high/eval1/run3/transcript.jsonl,Claims complete; stdlib-only RS274/NGC simulator CLI.
py,codex-cli,gpt-5.1-codex-max,xhigh,1,eval1,284,542,52.4,12.3,3300000.0,42000.0,1.35,51.0,1.0,1504.0,../../results/cncsim-full-py/codex-cli/gpt-5.1-codex-max_xhigh/eval1/run1/result.json,../../results/cncsim-full-py/codex-cli/gpt-5.1-codex-max_xhigh/eval1/run1/transcript.jsonl,Claims complete.
py,codex-cli,gpt-5.1-codex-max,xhigh,2,eval1,339,542,62.5,28.7,10500000.0,99000.0,3.68,82.0,1.0,1894.0,../../results/cncsim-full-py/codex-cli/gpt-5.1-codex-max_xhigh/eval1/run2/result.json,../../results/cncsim-full-py/codex-cli/gpt-5.1-codex-max_xhigh/eval1/run2/transcript.jsonl,Claims complete.
py,codex-cli,gpt-5.1-codex-max,xhigh,3,eval1,314,542,57.9,19.2,5400000.0,68000.0,2.03,46.0,1.0,1723.0,../../results/cncsim-full-py/codex-cli/gpt-5.1-codex-max_xhigh/eval1/run3/result.json,../../results/cncsim-full-py/codex-cli/gpt-5.1-codex-max_xhigh/eval1/run3/transcript.jsonl,Claims complete.
py,codex-cli,gpt-5,high,1,eval1,4,542,0.7,11.2,3200000.0,77000.0,1.28,45.0,1.0,133.0,../../results/cncsim-full-py/codex-cli/gpt-5_high/eval1/run1/result.json,../../results/cncsim-full-py/codex-cli/gpt-5_high/eval1/run1/transcript.jsonl,"Incomplete; acknowledged — ""didn't finish implementing the full RS274 execution engine... interpreter and motion engine are not fully implemented."" Wrote CLI shell only (133 LOC)."
py,codex-cli,gpt-5,high,2,eval1,335,542,61.8,16.3,6500000.0,77000.0,1.81,56.0,1.0,1783.0,../../results/cncsim-full-py/codex-cli/gpt-5_high/eval1/run2/result.json,../../results/cncsim-full-py/codex-cli/gpt-5_high/eval1/run2/transcript.jsonl,Claims complete; self-contained pure-Python RS274/NGC simulator.
py,codex-cli,gpt-5,high,3,eval1,10,542,1.8,10.0,4700000.0,57000.0,1.24,41.0,2.0,648.0,../../results/cncsim-full-py/codex-cli/gpt-5_high/eval1/run3/result.json,../../results/cncsim-full-py/codex-cli/gpt-5_high/eval1/run3/transcript.jsonl,Claims complete but failed 532/542; built CLI with partial motion/canned-cycle coverage that runtime-broke on most programs.
py,codex-cli,gpt-5.1,high,1,eval1,205,542,37.8,11.3,3400000.0,69000.0,1.2,40.0,1.0,1557.0,../../results/cncsim-full-py/codex-cli/gpt-5.1_high/eval1/run1/result.json,../../results/cncsim-full-py/codex-cli/gpt-5.1_high/eval1/run1/transcript.jsonl,Claims complete; stdlib-only standalone simulator with required CLI.
py,codex-cli,gpt-5.1,high,2,eval1,4,542,0.7,12.3,4600000.0,63000.0,1.31,57.0,2.0,1155.0,../../results/cncsim-full-py/codex-cli/gpt-5.1_high/eval1/run2/result.json,../../results/cncsim-full-py/codex-cli/gpt-5.1_high/eval1/run2/transcript.jsonl,"Incomplete; acknowledged — ""currently supports only a subset of the full specification."" Wrote simulator that runs but fails 538/542."
py,codex-cli,gpt-5.1,high,3,eval1,198,542,36.5,13.8,5900000.0,78000.0,1.61,44.0,9.0,1938.0,../../results/cncsim-full-py/codex-cli/gpt-5.1_high/eval1/run3/result.json,../../results/cncsim-full-py/codex-cli/gpt-5.1_high/eval1/run3/transcript.jsonl,Claims complete; multi-file stdlib-only Python implementation.
py,codex-cli,gpt-5.1-codex-mini,,1,eval1,179,542,33.0,13.1,4100000.0,94000.0,0.33,36.0,1.0,975.0,../../results/cncsim-full-py/codex-cli/gpt-5.1-codex-mini/eval1/run1/result.json,../../results/cncsim-full-py/codex-cli/gpt-5.1-codex-mini/eval1/run1/transcript.jsonl,"Claims complete; built full interpreter entry point with expression grammar, modal state, tool/parameter handling."
py,codex-cli,gpt-5.1-codex-mini,,2,eval1,15,542,2.8,5.5,1200000.0,38000.0,0.12,22.0,1.0,240.0,../../results/cncsim-full-py/codex-cli/gpt-5.1-codex-mini/eval1/run2/result.json,../../results/cncsim-full-py/codex-cli/gpt-5.1-codex-mini/eval1/run2/transcript.jsonl,"Incomplete; acknowledged ""core interpreter is not built yet"" — scaffolding only (CLI, readers, data model, stub `Simulator.run`)."
py,codex-cli,gpt-5.1-codex-mini,,3,eval1,74,542,13.6,6.2,1500000.0,44000.0,0.14,28.0,1.0,664.0,../../results/cncsim-full-py/codex-cli/gpt-5.1-codex-mini/eval1/run3/result.json,../../results/cncsim-full-py/codex-cli/gpt-5.1-codex-mini/eval1/run3/transcript.jsonl,"Incomplete; opened with ""Status Unknown"" and acknowledged file ""contains syntactic mistakes... will not run yet."""
py,copilot-cli,claude-haiku-4.5,,eval2/1,eval2,212,542,39.1,11.8,5600000.0,66000.0,,0.0,6.0,1835.0,../../results/cncsim-full-py/copilot-cli/claude-haiku-4.5/eval2/run1/result.json,../../results/cncsim-full-py/copilot-cli/claude-haiku-4.5/eval2/run1/transcript.jsonl,Claims complete.
rs,claude-code,claude-opus-4-7,max,1,eval1,401,542,74.0,27.5,9500000.0,130000.0,30.23,102.0,8.0,4134.0,../../results/cncsim-rs/claude-code/claude-opus-4-7_max/eval1/run1/result.json,../../results/cncsim-rs/claude-code/claude-opus-4-7_max/eval1/run1/transcript.jsonl,"Claims complete; full Cargo project (8 modules, ~4134 LOC); session-end fix list covers G4 dwell, state-only block detection, and canned-cycle modal re-execution."
rs,claude-code,claude-opus-4-7,max,2,eval1,0,542,0.0,9.9,1400000.0,47000.0,8.65,15.0,4.0,840.0,../../results/cncsim-rs/claude-code/claude-opus-4-7_max/eval1/run2/result.json,../../results/cncsim-rs/claude-code/claude-opus-4-7_max/eval1/run2/transcript.jsonl,"Incomplete — agent refusal triggered by a claude-code CLI–injected `<system-reminder>` about malware analysis that appears after every file-read tool result. Agent wrote a 4-file / 840-LOC scaffold, then stopped: _""I cannot continue implementing this code. The system reminder received with my file reads instructs me that I must refuse to improve or augment code.""_ Build failed; counted as 0 in Best/Mean. Full analysis — including the verbatim injected reminder text, the agent's complete final message, cross-run injection counts, and the classification argument — is in [CLI malware-reminder commentary](commentary/cncsim-claude-opus-4-7-cli-malware-reminder.md)."
rs,claude-code,claude-opus-4-7,max,3,eval1,380,542,70.1,18.7,1100000.0,11000.0,22.04,84.0,8.0,3895.0,../../results/cncsim-rs/claude-code/claude-opus-4-7_max/eval1/run3/result.json,../../results/cncsim-rs/claude-code/claude-opus-4-7_max/eval1/run3/transcript.jsonl,"Claims complete; `Cargo.toml` with empty `[dependencies]` (stdlib only, edition 2021); `main.rs` + lexer/parser/interpreter/trace modules under `src/`."
rs,claude-code,claude-sonnet-4-6,high,1,eval1,376,542,69.4,53.3,11200000.0,202000.0,7.75,102.0,7.0,4775.0,../../results/cncsim-rs/claude-code/claude-sonnet-4-6_high/eval1/run1/result.json,../../results/cncsim-rs/claude-code/claude-sonnet-4-6_high/eval1/run1/transcript.jsonl,Claims complete; 7-file Cargo project; session-end summary of `src/interp.rs` use-path fixes.
rs,claude-code,claude-sonnet-4-6,high,2,eval1,0,542,0.0,29.7,1700000.0,152000.0,3.25,23.0,4.0,1115.0,../../results/cncsim-rs/claude-code/claude-sonnet-4-6_high/eval1/run2/result.json,../../results/cncsim-rs/claude-code/claude-sonnet-4-6_high/eval1/run2/transcript.jsonl,"`agent_error`: Claude Code's API rejected the response with `""exceeded the 32000 output token maximum""`. Agent was mid-way through a single `Write` of the interpreter file (thinking log: _""This is a very large file. I'll write it in sections.""_ — but tried to emit it monolithically). 4 files / 1115 LOC persisted before the crash; nothing builds."
rs,claude-code,claude-sonnet-4-6,high,3,eval1,290,542,53.5,45.4,6200000.0,172000.0,5.63,83.0,7.0,2943.0,../../results/cncsim-rs/claude-code/claude-sonnet-4-6_high/eval1/run3/result.json,../../results/cncsim-rs/claude-code/claude-sonnet-4-6_high/eval1/run3/transcript.jsonl,Claims complete; 7-file Cargo project; session-end verifies exit-code contract (0 success / 1 G-code error / 2 internal).
rs,codex-cli,gpt-5.3-codex,xhigh,1,eval1,434,542,80.1,65.7,6300000.0,162000.0,3.81,61.0,1.0,3932.0,../../results/cncsim-full-rs/codex-cli/gpt-5.3-codex_xhigh/eval1/run1/result.json,../../results/cncsim-full-rs/codex-cli/gpt-5.3-codex_xhigh/eval1/run1/transcript.jsonl,Claims complete; standard Cargo Rust project.
rs,codex-cli,gpt-5.3-codex,xhigh,2,eval1,447,542,82.5,61.1,9000000.0,123000.0,3.65,94.0,1.0,3416.0,../../results/cncsim-full-rs/codex-cli/gpt-5.3-codex_xhigh/eval1/run2/result.json,../../results/cncsim-full-rs/codex-cli/gpt-5.3-codex_xhigh/eval1/run2/transcript.jsonl,Claims complete; standard Rust Cargo project under `output/`.
rs,codex-cli,gpt-5.3-codex,xhigh,3,eval1,443,542,81.7,34.6,6400000.0,71000.0,2.54,41.0,1.0,3655.0,../../results/cncsim-full-rs/codex-cli/gpt-5.3-codex_xhigh/eval1/run3/result.json,../../results/cncsim-full-rs/codex-cli/gpt-5.3-codex_xhigh/eval1/run3/transcript.jsonl,Claims complete; standard Cargo project.
rs,codex-cli,gpt-5.3-codex-spark,xhigh,1,eval1,0,542,0.0,5.1,,,,23.0,0.0,0.0,../../results/cncsim-full-rs/codex-cli/gpt-5.3-codex-spark_xhigh/eval1/run1/result.json,../../results/cncsim-full-rs/codex-cli/gpt-5.3-codex-spark_xhigh/eval1/run1/transcript.jsonl,"Incomplete; context-exhausted while still mining the spec appendices (""checking the remaining appendices...""). 0 files written."
rs,codex-cli,gpt-5.3-codex-spark,xhigh,2,eval1,0,542,0.0,5.6,,,,54.0,0.0,0.0,../../results/cncsim-full-rs/codex-cli/gpt-5.3-codex-spark_xhigh/eval1/run2/result.json,../../results/cncsim-full-rs/codex-cli/gpt-5.3-codex-spark_xhigh/eval1/run2/transcript.jsonl,"Incomplete; context-exhausted via `max_output_tokens` while emitting the simulator. Said ""I've finished toolchain bootstrap and am now writing the full simulator implementation in `output/src/main.rs`..."" but the response truncated. 0 files persisted."
rs,codex-cli,gpt-5.3-codex-spark,xhigh,3,eval1,0,542,0.0,3.0,,,,35.0,0.0,0.0,../../results/cncsim-full-rs/codex-cli/gpt-5.3-codex-spark_xhigh/eval1/run3/result.json,../../results/cncsim-full-rs/codex-cli/gpt-5.3-codex-spark_xhigh/eval1/run3/transcript.jsonl,"Incomplete; context-exhausted as the implementation pass started (""now I'm implementing the Rust simulator in `output/src/main.rs` in one pass...""). 0 files written."
rs,codex-cli,gpt-5.4,xhigh,1,eval1,261,542,48.2,50.1,18500000.0,134000.0,7.88,141.0,7.0,4111.0,../../results/cncsim-full-rs/codex-cli/gpt-5.4_xhigh/eval1/run1/result.json,../../results/cncsim-full-rs/codex-cli/gpt-5.4_xhigh/eval1/run1/transcript.jsonl,Claims complete; Rust CLI simulator with 7-file module layout.
rs,codex-cli,gpt-5.4,xhigh,2,eval1,424,542,78.2,45.7,14100000.0,133000.0,6.17,111.0,5.0,4160.0,../../results/cncsim-full-rs/codex-cli/gpt-5.4_xhigh/eval1/run2/result.json,../../results/cncsim-full-rs/codex-cli/gpt-5.4_xhigh/eval1/run2/transcript.jsonl,Claims complete; Rust CLI simulator; noted `cargo build --release --manifest-…`.
rs,codex-cli,gpt-5.4,xhigh,3,eval1,264,542,48.7,69.1,10500000.0,100000.0,4.75,91.0,1.0,3707.0,../../results/cncsim-full-rs/codex-cli/gpt-5.4_xhigh/eval1/run3/result.json,../../results/cncsim-full-rs/codex-cli/gpt-5.4_xhigh/eval1/run3/transcript.jsonl,Claims complete; single-file `src/main.rs`.
rs,codex-cli,gpt-5.4-mini,xhigh,1,eval1,369,542,68.1,38.9,24500000.0,267000.0,3.93,176.0,7.0,4221.0,../../results/cncsim-full-rs/codex-cli/gpt-5.4-mini_xhigh/eval1/run1/result.json,../../results/cncsim-full-rs/codex-cli/gpt-5.4-mini_xhigh/eval1/run1/transcript.jsonl,Claims complete; Rust simulator with 7-file module layout under `output/Cargo.toml`.
rs,codex-cli,gpt-5.4-mini,xhigh,2,eval1,249,542,45.9,99.0,36000000.0,684000.0,7.05,329.0,3.0,4105.0,../../results/cncsim-full-rs/codex-cli/gpt-5.4-mini_xhigh/eval1/run2/result.json,../../results/cncsim-full-rs/codex-cli/gpt-5.4-mini_xhigh/eval1/run2/transcript.jsonl,Claims complete; std-only Rust 2021 Cargo project with cycle engine in `output/src/sim.rs`.
rs,codex-cli,gpt-5.4-mini,xhigh,3,eval1,247,542,45.6,73.5,35600000.0,519000.0,6.09,315.0,11.0,4692.0,../../results/cncsim-full-rs/codex-cli/gpt-5.4-mini_xhigh/eval1/run3/result.json,../../results/cncsim-full-rs/codex-cli/gpt-5.4-mini_xhigh/eval1/run3/transcript.jsonl,Claims complete; 11-file Rust 2021 Cargo binary.
rs,codex-cli,gpt-5.2-codex,xhigh,1,eval1,260,542,48.0,64.8,13400000.0,192000.0,5.52,104.0,1.0,2690.0,../../results/cncsim-full-rs/codex-cli/gpt-5.2-codex_xhigh/eval1/run1/result.json,../../results/cncsim-full-rs/codex-cli/gpt-5.2-codex_xhigh/eval1/run1/transcript.jsonl,"Claims complete; full CLI with RS274 modal handling, motion, probing, parameter/tool-table I/O."
rs,codex-cli,gpt-5.2-codex,xhigh,2,eval1,438,542,80.8,78.3,18400000.0,202000.0,6.62,112.0,1.0,2929.0,../../results/cncsim-full-rs/codex-cli/gpt-5.2-codex_xhigh/eval1/run2/result.json,../../results/cncsim-full-rs/codex-cli/gpt-5.2-codex_xhigh/eval1/run2/transcript.jsonl,"Claims complete; noted RS274 alignment — G53 axis-word enforcement, coord-system-under-CRC blocking, G38.2 probe constraints, G87 XY-plane requirement, per-submotion error-segment indexing for G28/G30."
rs,codex-cli,gpt-5.2-codex,xhigh,3,eval1,223,542,41.1,92.1,25400000.0,262000.0,8.83,138.0,1.0,3509.0,../../results/cncsim-full-rs/codex-cli/gpt-5.2-codex_xhigh/eval1/run3/result.json,../../results/cncsim-full-rs/codex-cli/gpt-5.2-codex_xhigh/eval1/run3/transcript.jsonl,"Claims complete; standalone Rust std-only Cargo project with full CLI, parsing, motion (G0/G1/G2/G3), probing, G28/G30, G10/G92, canned cycles (G81–G89)."
rs,codex-cli,gpt-5.2,high,1,eval1,268,542,49.4,104.4,40700000.0,285000.0,11.92,255.0,10.0,6040.0,../../results/cncsim-full-rs/codex-cli/gpt-5.2_high/eval1/run1/result.json,../../results/cncsim-full-rs/codex-cli/gpt-5.2_high/eval1/run1/transcript.jsonl,Claims complete; dependency-free Cargo project with stable Rust 2021 tooling.
rs,codex-cli,gpt-5.2,high,2,eval1,262,542,48.3,72.8,22700000.0,199000.0,7.3,138.0,9.0,4480.0,../../results/cncsim-full-rs/codex-cli/gpt-5.2_high/eval1/run2/result.json,../../results/cncsim-full-rs/codex-cli/gpt-5.2_high/eval1/run2/transcript.jsonl,Claims complete; dependency-free Rust simulator.
rs,codex-cli,gpt-5.2,high,3,eval1,266,542,49.1,72.7,20700000.0,211000.0,7.16,112.0,8.0,5169.0,../../results/cncsim-full-rs/codex-cli/gpt-5.2_high/eval1/run3/result.json,../../results/cncsim-full-rs/codex-cli/gpt-5.2_high/eval1/run3/transcript.jsonl,Claims complete; dependency-free Rust RS274/NGC simulator.
rs,codex-cli,gpt-5.1,high,1,eval1,165,542,30.4,12.4,4300000.0,76000.0,1.37,38.0,1.0,1969.0,../../results/cncsim-full-rs/codex-cli/gpt-5.1_high/eval1/run1/result.json,../../results/cncsim-full-rs/codex-cli/gpt-5.1_high/eval1/run1/transcript.jsonl,"Claims complete; std-only Cargo project, single-file `main.rs`."
rs,codex-cli,gpt-5.1,high,2,eval1,302,542,55.7,20.6,14500000.0,106000.0,3.01,72.0,1.0,2838.0,../../results/cncsim-full-rs/codex-cli/gpt-5.1_high/eval1/run2/result.json,../../results/cncsim-full-rs/codex-cli/gpt-5.1_high/eval1/run2/transcript.jsonl,Claims complete; single-file Cargo project building with `cargo build --release`.
rs,codex-cli,gpt-5.1,high,3,eval1,186,542,34.3,13.2,4500000.0,90000.0,1.53,29.0,5.0,2140.0,../../results/cncsim-full-rs/codex-cli/gpt-5.1_high/eval1/run3/result.json,../../results/cncsim-full-rs/codex-cli/gpt-5.1_high/eval1/run3/transcript.jsonl,Claims complete; multi-file Cargo project with module layout.
rs,codex-cli,gpt-5.1-codex-max,xhigh,1,eval1,165,542,30.4,19.5,4000000.0,71000.0,1.95,49.0,1.0,364.0,../../results/cncsim-full-rs/codex-cli/gpt-5.1-codex-max_xhigh/eval1/run1/result.json,../../results/cncsim-full-rs/codex-cli/gpt-5.1-codex-max_xhigh/eval1/run1/transcript.jsonl,"Claims complete but acknowledged limitations — ""Arcs, canned cycles, probing, cutter compensation, tool tables, and most non-modal"" features not implemented. Minimal 364-LOC scaffold."
rs,codex-cli,gpt-5.1-codex-max,xhigh,2,eval1,299,542,55.2,12.2,3000000.0,45000.0,1.21,37.0,1.0,1705.0,../../results/cncsim-full-rs/codex-cli/gpt-5.1-codex-max_xhigh/eval1/run2/result.json,../../results/cncsim-full-rs/codex-cli/gpt-5.1-codex-max_xhigh/eval1/run2/transcript.jsonl,Claims complete; standalone std-only RS274/NGC simulator.
rs,codex-cli,gpt-5.1-codex-max,xhigh,3,eval1,180,542,33.2,86.2,7400000.0,114000.0,3.23,73.0,1.0,2776.0,../../results/cncsim-full-rs/codex-cli/gpt-5.1-codex-max_xhigh/eval1/run3/result.json,../../results/cncsim-full-rs/codex-cli/gpt-5.1-codex-max_xhigh/eval1/run3/transcript.jsonl,"Claims complete after ""I had to rebuild the entire simulator from scratch"" — compiled single-file output with full modal/coord/unit/expression coverage but scored lower than faster run 2."
rs,codex-cli,gpt-5.1-codex-mini,high,1,eval1,4,542,0.7,16.6,7000000.0,111000.0,0.5,49.0,1.0,77.0,../../results/cncsim-full-rs/codex-cli/gpt-5.1-codex-mini_high/eval1/run1/result.json,../../results/cncsim-full-rs/codex-cli/gpt-5.1-codex-mini_high/eval1/run1/transcript.jsonl,"Incomplete; no implementation — ""Progress so far: None yet; the filesystem hasn't been inspected, and no implementation work has started."" Left 77-LOC placeholder."
rs,codex-cli,gpt-5.1-codex-mini,high,2,eval1,1,542,0.2,7.2,2300000.0,46000.0,0.18,35.0,1.0,3.0,../../results/cncsim-full-rs/codex-cli/gpt-5.1-codex-mini_high/eval1/run2/result.json,../../results/cncsim-full-rs/codex-cli/gpt-5.1-codex-mini_high/eval1/run2/transcript.jsonl,"Incomplete; acknowledged — ""implementing that full specification would take far more time than this session allows, so I left output/src/main.rs as a placeholder that simply reports the simulator is not implemented."""
rs,codex-cli,gpt-5.1-codex-mini,high,3,eval1,3,542,0.6,7.2,1700000.0,54000.0,0.16,26.0,1.0,403.0,../../results/cncsim-full-rs/codex-cli/gpt-5.1-codex-mini_high/eval1/run3/result.json,../../results/cncsim-full-rs/codex-cli/gpt-5.1-codex-mini_high/eval1/run3/transcript.jsonl,"Incomplete; CLI skeleton and ""foundational runtime plumbing"" only — interpreter, motion, and trace not implemented."
rs,codex-cli,gpt-5,high,1,eval1,0,542,0.0,9.9,4100000.0,59000.0,1.21,55.0,0.0,0.0,../../results/cncsim-full-rs/codex-cli/gpt-5_high/eval1/run1/result.json,../../results/cncsim-full-rs/codex-cli/gpt-5_high/eval1/run1/transcript.jsonl,"Incomplete; wrote no code. Blamed ""CLI's shell-quoting mangles embedded quotes and braces in long here-documents."" Presented design plan only."
rs,codex-cli,gpt-5,high,2,eval1,4,542,0.7,11.1,4000000.0,58000.0,1.18,37.0,1.0,1491.0,../../results/cncsim-full-rs/codex-cli/gpt-5_high/eval1/run2/result.json,../../results/cncsim-full-rs/codex-cli/gpt-5_high/eval1/run2/transcript.jsonl,Claims complete; std-only Cargo project — but 538/542 tests failed.
rs,codex-cli,gpt-5,high,3,eval1,0,542,0.0,10.6,1900000.0,57000.0,0.89,29.0,1.0,396.0,../../results/cncsim-full-rs/codex-cli/gpt-5_high/eval1/run3/result.json,../../results/cncsim-full-rs/codex-cli/gpt-5_high/eval1/run3/transcript.jsonl,"Incomplete; acknowledged — ""wasn't able to create files in output/ because the terminal is mangling multi-line writes."" Wrote design doc in response only (396 LOC is partial stub)."
